tp 200 92 100 

fill 210 91 110 230 96 110 glass
fill 210 91 130 230 96 130 glass
fill 210 91 110 210 96 130 sandstone
fill 230 91 110 230 96 130 sandstone

fill 210 96 110 230 96 130 sandstone


fill 210 101 110 230 96 110 glass
fill 210 101 130 230 96 130 glass
fill 210 101 110 210 96 130 sandstone
fill 230 101 110 230 96 130 sandstone

fill 210 101 110 230 101 130 sandstone


fill 210 89 110 210 85 130 sandstone
fill 230 89 110 230 85 130 sandstone
fill 210 89 110 230 85 110 sandstone
fill 210 89 130 230 85 130 sandstone

fill 210 85 110 230 85 130 sandstone


fill 210 89 110 230 85 130 air


fill 218 100 118 222 86 122 air

fill 218 100 118 218 86 122 glass
fill 222 100 118 222 86 122 glass
fill 218 100 122 222 86 122 glass
fill 218 100 118 222 86 118 glass


fill 211 88 125 229 86 125 glass
fill 211 88 115 229 86 115 glass

fill 0 89 116 40 86 111 air
fill 40 89 116 80 86 111 air
fill 80 89 116 120 86 111 air
fill 120 89 116 160 86 111 air
fill 160 89 116 200 86 111 air
fill 200 89 116 240 86 111 air
fill 240 89 116 300 86 111 air
fill 300 89 116 360 86 111 air
fill 360 89 116 380 86 111 air

fill 0 89 111 40 89 111 torch
fill 40 89 111 80 89 111 torch
fill 80 89 111 120 89 111 torch
fill 120 89 111 160 89 111 torch
fill 160 89 111 200 89 111 torch
fill 200 89 111 240 89 111 torch
fill 240 89 111 360 89 111 torch

fill 0 86 116 40 86 116 rail
fill 40 86 116 80 86 116 rail
fill 80 86 116 120 86 116 rail
fill 120 86 116 160 86 116 rail
fill 160 86 116 200 86 116 rail
fill 200 86 116 240 86 116 rail
fill 240 86 116 280 86 116 rail
fill 280 86 116 320 86 116 rail
fill 320 86 116 360 86 116 rail